
data[0] = 2.200000
data[1] = 3.300000
data[2] = 4.400000
data[3] = 9.900000
data[4] = 10.100000